"","Interneuron","macrophage","Ependymal","Choroid","Neurogenesis","Cajalretzius","EndothelialStalk","Mural","EndothelialTip","NeuronSlc17a","Entorhinal","Dentate","CA1","CA3","Astrocyte","Oligodendrocyte","Polydendrocyte"
"AACAACCAAACAACCA",0.0883008627678119,0.0112010469855353,0.036922451684633,0.0100762070820788,0.013449997881673,0.14940169247048,0.0720290822844342,0.00752044326005741,0.0637654413951558,0.139652663299246,0.0180172285850711,0.0169527758000938,0.0111068955147829,0.0396012680740321,0.165005998058711,0.132525969551926,0.0244699753042787
"AACAACCAAACCGAGA",0.0160119761970801,0.0146558827340643,0.0124920310618255,0.0691064841626176,0.130440999069589,0.187851524593421,0.0189025712897986,0.0120017376096149,0.0302487757824325,0.0363957189985977,0.0166746494332107,0.0264107817527433,0.00382482699423343,0.0163229168722236,0.21395155520068,0.149034598573036,0.0456729696748326
"AACAACCAAACGCTTA",0.0601497339699989,0.0119922546426861,0.02987290548648,0.0200803177851229,0.159953216383655,0.185448164907764,0.0209014269208694,0.0134347787138902,0.0398626339687388,0.0401140014170482,0.069223555490127,0.0268679875666744,0.00562831742909395,0.0186042142099681,0.112813548227368,0.155900995130592,0.0291519477499234
"AACAACCAAACGTGAT",0.0222706637370572,0.0559324619209251,0.0239965680666647,0.0382368947722066,0.12835777999406,0.392972412534949,0.0534847373989169,0.00685030977316674,0.00808974810977837,0.033394596702185,0.0415152834624112,0.00877548283647472,0.0246798374093496,0.0196582182852778,0.126465372918331,0.00694151114145875,0.00837812093678716
"AACAACCAAAGACGGA",0.00745838127616669,0.0194858372508292,0.00395296404466404,0.0846393788891596,0.136049804955327,0.188269905186226,0.0148740547281439,0.0012388096536858,0.00763967008955376,0.0118291757757853,0.0210621762913702,0.049656365312377,0.00980745248762864,0.00641800679432625,0.216623043310989,0.212026420773074,0.00896855318069416
"AACAACCAAAGGTACA",0.00605082477380228,0.00254317544120926,0.0147676586797727,0.0358337994254731,0.184118287057965,0.162054405265456,0.0579088121093661,0.0243749021980634,0.0403993606994905,0.0119595637482252,0.00982502147512201,0.0949200272392903,0.00913346083604067,0.0104367526541611,0.0699623741026778,0.242305915839503,0.0234056584543823
"AACAACCAACAAGCTA",0.0133447266162559,0.00304978356416853,0.0379830939277716,0.0665866858545618,0.287573111182799,0.144543691958377,0.0233315376934507,0.0172333228529841,0.0564387762300795,0.0173905816342291,0.0184691460133268,0.0697889514147667,0.00578804418816972,0.0121885399900539,0.0708103784469762,0.119152009936096,0.0363276184959335
"AACAACCAACACAGAA",0.0184549710365407,0.0262736888738617,0.0480819892912093,0.0450362999389314,0.127497555590344,0.110595942614936,0.0597213877897447,0.0434388724525513,0.031613059336732,0.00648173681368835,0.0290615812586723,0.108862409582686,0.0106557709932457,0.00893388412090977,0.147965484944919,0.127712576209794,0.0496127891512341
"AACAACCAACAGCAGA",0.0322507356746337,0.00974773006597458,0.0964609833440354,0.0467054435527135,0.124786957927184,0.101772716391956,0.00275538408450165,0.00749398691327777,0.0429501507655222,0.0243272735557235,0.0206129881653064,0.0444638510087257,0.0259715313474136,0.0254682397727555,0.122848424884994,0.244371696151094,0.0270119063941894
"AACAACCAACATTGGC",0.00521767434058585,0.0787485001955664,0.00656648108703709,0.0242524893744029,0.0987567322471805,0.151434245450001,0.00905267071162659,0.245026952906625,0.0383582634756516,0.0207825281312206,0.0169721963011843,0.0384114635805455,0.00720024988064855,0.0291504556877557,0.0668572644274498,0.155577778180582,0.00763405402193646
"AACAACCAACCACTGT",0.00700771698842648,0.00269597311181919,0.207118685508029,0.0405194096304302,0.0882485596946646,0.223603690173164,0.110566970384826,0.000506787386424383,0.0024164244272521,0.0294619355132163,0.0166221147813969,0.243398010428304,0.0079589429719029,0.00598662787056282,0.00772527318538082,0.00308102446814845,0.00308185347605159
"AACAACCAACCTCCAA",0.057982881827902,0.0275149386742467,0.027726121974789,0.0855287545645869,0.00558765173469076,0.0330336159944767,0.00760833135917758,0.00096982326076499,0.0218414736858716,0.0219792792627158,0.0336441033746762,0.0596282056861748,0.0441910524863718,0.0614326598339857,0.0738554975012224,0.37289991042901,0.0645756983493366
"AACAACCAACGTATCA",0.0184195725304186,0.00467507925423516,0.041228956492099,0.013326828606441,0.102750688576945,0.0300860346296941,0.0145498808214082,0.00332096694642163,0.144908766723051,0.0118921380560855,0.0142145259897115,0.139500204887027,0.0146263904460405,0.0278354999893563,0.150159869494706,0.248511314553378,0.019993282002983
"AACAACCAACTATGCA",0.471909842635184,0.00153352109553207,0.0293832591553158,0.0403746958980155,0.0267074037540242,0.0619354482297971,0.00240855162170739,0.00528421505616504,0.00841370705342743,0.0289223149428367,0.0766194165000763,0.0209410136173103,0.0167342606995759,0.0668619976807109,0.0990768076122636,0.019516209876345,0.0233773345717125
"AACAACCAAGAGTCAA",0.0300549130183508,0.002547362762006,0.00384451439950242,0.0193610914926127,0.0859514367805315,0.0706685068961482,0.00458893135622373,0.00539871455483332,0.00694174672929288,0.0529969159583878,0.0989716242590376,0.111187850495881,0.06735778538103,0.365971521938883,0.0315022909011913,0.0235469964525507,0.0191077966235365
"AACAACCAAGATCGCA",0.017505384716275,0.00569297254031249,0.00921106204227536,0.0387141988330469,0.0704912974746969,0.136141976625289,0.00751948520094129,0.0107118810482297,0.0148150506084592,0.0799397109179529,0.105804289780272,0.0744934325537814,0.0596564377072464,0.300238452970112,0.0439156666739621,0.00852092431573939,0.0166277759914082
"AACAACCAAGCAGGAA",0.00739020459021096,0.00707634425470803,0.0144052817585678,0.0178512224029879,0.0932123440511279,0.0648376930002556,0.00220670250588717,0.00914351652130977,0.0078393744646227,0.0551541626707205,0.0653115542743565,0.124250460916656,0.0341116875032797,0.307634084635049,0.112624043736467,0.0587041611839872,0.0182471615298059
"AACAACCAAGTACAAG",0.0557949933181945,0.00136946140798809,0.0428973615834023,0.0300906759248587,0.00573740630689996,0.0432409529390458,0.00705991115875237,0.046208696136316,0.0179029057353125,0.234018507049478,0.0362599399872053,0.0449539808539653,0.0440019714184293,0.0423936024867563,0.175571769352937,0.0991128089081288,0.0733850554323295
"AACAACCAAGTCACTA",0.00923933551768037,0.000567543353177982,0.0362357974752329,0.0224832472422296,0.04835471462231,0.412365591600468,0.0433118509585543,0.00892211896680898,0.0092744314615433,0.0208327074118547,0.0469396364210566,0.0861282799462615,0.00752355041062354,0.0788966298628626,0.0755996149483289,0.0838156565237894,0.00950929327721715
"AACAACCAAGTGGTCA",0.0905127215735989,0.00188992802446393,0.0143033489008192,0.0515929388136544,0.00602951184838602,0.0916265858001084,0.00203977538483751,0.0322865462773672,0.102643715063374,0.0249789437680527,0.00861161769232017,0.0373545512570728,0.0435045837007088,0.0362348223552281,0.355813216088036,0.0123911014712995,0.088186091980673
"AACAACCAATCCTGTA",0.0272879404283225,0.0180683109228224,0.00262848204602513,0.0141229644782786,0.0288724192243604,0.163987459613173,0.00281494082085107,0.00277181853915857,0.014464834043627,0.0455385188237009,0.0319160677481699,0.0296678088424775,0.00514194443828901,0.138525527307424,0.441166457968157,0.00300160600477815,0.0300228987503847
"AACAACCAATGCCTAA",0.0521937690288068,0.000219767314094016,0.0343791698953843,0.0813415282530734,0.270337988481673,0.294507909232749,0.0112864032749012,0.000599083439034106,0.00288616040489207,0.040202941083649,0.00415932824587219,0.00144529212924285,0.00149779819340218,0.000926993951897853,0.150286203029185,0.0250200739866294,0.0287095900555142
"AACAACCAATTGAGGA",0.00629477044310532,0.00292148742228316,0.00234768974481124,0.0036229541650027,0.0872715764708238,0.105930603632625,0.119907510184645,0.000420726385621496,0.0283279135556792,0.0225631326354142,0.0652376033296053,0.0508687962695097,0.0125981411428486,0.137486408343799,0.24377884761838,0.068276750758247,0.0421450878975992
"AACAACCACAACCACA",0.0221157050738161,0.0527875772705634,0.000633364810324285,0.0577081641612535,0.00796890227605785,0.162819933009658,0.0355654679187128,0.0340300947734186,0.0281585298853088,0.0670657830237198,0.122285682109411,0.0430792457327484,0.0193404992194712,0.0488724783662589,0.212843358945578,0.0765792245999164,0.00814598882378301
"AACAACCACAAGACTA",0.00578004534261233,0.00269570255485067,0.00226470425807026,0.00334194203791995,0.0276867055407291,0.00357767835213589,0.00117551758515359,0.00219552225421068,0.0049276734533841,0.0115322998475443,0.00401317543841953,0.0123755881336894,0.0131155889681558,0.0505219335005914,0.0293816537109691,0.75591459080368,0.0694996782178835
"AACAACCACAATGGAA",0.160711275485785,0.000967005001999973,0.00504663091274909,0.00625904849964636,0.0652024693349685,0.140075136486899,0.0116092400939431,0.00363295726127233,0.0233106693421641,0.00502235303786925,0.0358786719680851,0.0203834506550635,0.00572082120898434,0.0496578612600338,0.434774295885471,0.0275153449014589,0.00423276866360718
"AACAACCACACTTCGA",0.0185549734196511,0.0183076032824205,0.0150871913463536,0.00602454144929208,0.183568219184089,0.0668321058288165,0.0694471390984153,0.00272945183599702,0.0312435393613393,0.0121797912425049,0.0381007431655522,0.0286956641587102,0.00650743041277966,0.0831382619209327,0.312967370177905,0.10559829444627,0.00101767966897167
"AACAACCACAGACTGN",0.00521668037988125,0.000630711719823936,0.0295068157889888,0.0643535380788519,0.130136852734596,0.0271903911750793,0.00435456485629038,0.0639554229248183,0.0305064781584616,0.0857632442136081,0.0382918321332982,0.0744040716722291,0.00841462708165281,0.00886245103829943,0.217608747021528,0.15971741715138,0.0510861538712129
"AACAACCACAGCGTTA",0.0741272132298335,0.00709106576015992,0.0175018443476416,0.0034352509948151,0.0756848042096313,0.261303801391348,0.013590178517895,0.00727104710241253,0.0273995829947484,0.0449336691583324,0.029405028779385,0.0215224037179396,0.0273660462939586,0.0256661794872691,0.290459861511408,0.0721130373586856,0.00112898514453652
"AACAACCACATACCAA",0.0833870671219281,0.00972084142584692,0.00380885635702683,0.0413501129126698,0.00352871983474075,0.0664062450184003,0.00785870412330062,0.00171794410601008,0.00146874507012275,0.0518760321535136,0.0587251217551618,0.0456087183175782,0.00846007995731806,0.0478050444130796,0.540687340669972,0.00812528101005152,0.0194651457532788
"AACAACCACATCAAGT",0.0225586058874032,0.00769709212004451,0.0621652158632335,0.0148454879969241,0.198314726389005,0.0574092851506594,0.0360064131606437,0.0235015340788039,0.00845179276141684,0.011953361927661,0.0149364093650023,0.0735214815702631,0.00929824774051659,0.0114232333209216,0.172029598595983,0.262239163613349,0.0136483504581696
"AACAACCACCAGTTCA",0.0640088698119936,3.64755503964097e-05,0.00594551858627069,0.00560031943027318,0.197585897389195,0.0573382021208332,0.00526929382342266,0.0107666018304964,0.0103943651668303,0.0190470340487666,0.0148255732656674,0.0274201299958279,0.0618489573962329,0.0620458417498442,0.378465042602276,0.0561040202074447,0.023297857024229
"AACAACCACCGAAGTA",0.120205671706078,4.88507541078918e-05,0.00276841999937639,0.00385632238605915,0.0296358789049821,0.0250410518493782,0.00109994199462752,0.00206769004658866,0.0102546738794238,0.0350886794201076,0.030294526543327,0.0243393154960188,0.0108742782462206,0.0439968825458135,0.577041270186247,0.0582642582986762,0.0251222877429675
"AACAACCACGAACTTA",0.0413361384047421,0.000957968717589123,0.011141675615245,0.00800384505280249,0.0458620452603167,0.0591587302364106,0.00468048336736935,0.00223668517335747,0.0252077676058989,0.0127960809650846,0.00468260810982944,0.0163704179298362,0.00869099106361503,0.0444269071793059,0.675162231689345,0.0191834477809303,0.0201019758483219
"AACAACCACGCATACA",0.049987117959824,0.0237734094398351,0.00727425277109408,0.0118318714748508,0.223683079640951,0.0514367546386201,0.0475465667557731,0.0131387864554745,0.0157969652778266,0.0286306570537022,0.035369412355349,0.0494623971694276,0.0157994418992632,0.0154097292666199,0.266537256293091,0.114498520690397,0.0298237808579011
"AACAACCACTCAATGA",0.0429773207802985,0.00634680892880096,0.011968936797035,0.0329708822884382,0.0434203886225932,0.165181550876171,0.00198215029868128,0.0164195365498781,0.0519251618533148,0.0137309454221389,0.0176502862204278,0.0966790203851611,0.0597496904987161,0.0925849893909378,0.304264385752462,0.00804052467095078,0.034107420663995
"AACAACCACTGGCATA",0.00157622699291074,0.0497925648257123,0.00871362009190897,0.0355636253215203,0.115487428384325,0.12104557224542,0.00943591781684414,0.0130832053122774,0.0334340174288441,0.0586194545669374,0.0105636631016835,0.0403806654479458,0.0604119621227849,0.0748664589709509,0.114968652058019,0.223194666030492,0.0288622992814239
"AACAACCAGAATCTGA",0.003557384895431,0.00744061528505183,0.00129279021172728,0.0249641373141026,0.176123965609232,0.141125449420866,0.00197274505973568,0.00357735078143297,0.0136075544677775,0.0635551805837205,0.0556433477267568,0.157284638948845,0.0140495294017238,0.0139677425177976,0.316104872928418,0.00506385383041579,0.000668841016966385
"AACAACCAGACTAGTA",0.192861210530371,0.000908446283009374,0.0567879592873099,0.0113449148886331,0.0921209678649195,0.0592423941700095,0.00193467587563251,0.0116351434933679,0.00486114152235641,0.00952849542168629,0.00992120695875938,0.0314455066265863,0.0158570874477879,0.0192776750733104,0.238258187702435,0.215401410708405,0.0286135761454209
"AACAACCAGAGCTGAA",0.017268982003478,0.00233482418344271,0.0361353362337601,0.0110312815464423,0.171601568793396,0.0780467466703141,0.00858281572054113,0.00841669601430658,0.0222059759621584,0.0345122333359975,0.0214024255799465,0.07439433924634,0.0869128210899986,0.101178559215869,0.247040340908992,0.0618710673113715,0.0170639861836464
"AACAACCAGATAGACA",0.00275867767390342,0.0108093529864449,0.0162408873581616,0.0107689095198372,0.116248411172026,0.181008972304966,0.00468879734405606,0.0129908192522093,0.0166220018581978,0.0311082169244406,0.0261890399113738,0.0742613756536549,0.084707479318353,0.0515846229850227,0.286735572165048,0.0382314555690259,0.0350454080032797
"AACAACCAGCCACATA",0.0184142376854333,0.00960425289916937,0.00584066891330285,0.0376913068650293,0.161027421889362,0.16189271006174,0.0122902894199768,0.0101294291380741,0.0208320635449477,0.0496383062641,0.0328944926044811,0.101674283807245,0.112029291856181,0.0581686223738962,0.167660421591038,0.0283284478498128,0.0118837532362117
"AACAACCAGCGAGTAA",0.0319253902355606,0.00927063309404448,0.0071698347410852,0.0250712837228566,0.132414304609167,0.152747957616247,0.00722136990952817,0.0118589152917855,0.0129469592787729,0.0656154587986204,0.053013148761417,0.0989063327247498,0.202687878826548,0.0882101322329887,0.0475486004683248,0.0130989627663133,0.0402928369219905
"AACAACCAGCTAACGA",0.0120223739817713,0.0121612554545289,0.0188992124195261,0.0175024158810203,0.0675979500024307,0.192416763466961,0.00363174437467994,0.0063319573721994,0.00952374534732139,0.100328565304399,0.0333863658361795,0.121273156368206,0.287736545069086,0.0389008076944923,0.0531527537227839,0.0125955761057615,0.0125388115986526
"AACAACCAGGAGAACA",0.0102018055906071,0.00828998877891997,0.0163696250221771,0.0239538299024424,0.125172436900859,0.258310781455395,0.00737024979956822,0.0194276569395219,0.0130253583033558,0.0398848230588923,0.0529087406375557,0.0680916923082191,0.162238824276117,0.0473247092203318,0.0992871497903763,0.0302441730573203,0.0178981549583412
"AACAACCAGTACGCAA",0.0152247577786957,0.00636358451737968,0.010594629925589,0.0268822481327589,0.133156183292926,0.145127253237752,0.0108427327531947,0.0136220667903518,0.100935807932998,0.0860287688166791,0.0429926165616475,0.077321558431118,0.108773647375213,0.0222956007886056,0.125823497465193,0.0545340637743376,0.0194809824255611
"AACAACCAGTCGTAGA",0.0421098670319389,0.0452065547758429,0.00714438663113158,0.0259132511538809,0.177233483973904,0.178350208707668,0.021644009750865,0.0222387486825394,0.0169951850017518,0.0550542720314423,0.022218979877151,0.0708183421556671,0.0697612884370205,0.0164964210550522,0.172983044951607,0.0444570064273404,0.0113749493551966
"AACAACCAGTCTGTCA",0.0446065274158115,0.0188252267011957,0.00716201095734051,0.0221815465920814,0.172176950530331,0.254934636334593,0.00534024475661069,0.0142856134142869,0.00666337977458061,0.0340415925145071,0.0441338193951643,0.0629032525589061,0.0189754356022942,0.0193251065677818,0.2168790646976,0.0508338650799789,0.00673172710693673
"AACAACCAGTGTTCTA",0.0261542118619474,0.0107018206538217,0.000739144358938314,0.0195167987250645,0.151888893369326,0.045828883879113,0.0141671717503272,0.0197702809882921,0.0159521829667809,0.0161951413373797,0.0115965059990165,0.0473693093002351,0.0175728613742758,0.0203346287971468,0.265129109821953,0.232621187921558,0.0844618668948246
"AACAACCATAGGATGA",0.00277836147135012,0.0578463965314047,0.000539393379412778,0.00433801498080038,0.0312158879898705,0.0333106575998585,0.0480631156342438,0.00176299289496382,0.0584696160640249,0.189961847579839,0.021158489532018,0.0172147868482436,0.00688357278765704,0.00868702063019142,0.267582255996507,0.250177141547901,1.04485317132311e-05
"AACCGAGAAACAACCA",0.226494963478402,0.0160017062928764,0.011442318227355,0.0589060241757638,0.0153693349082767,0.0349857151068651,0.015334345266607,0.015963618433111,0.0374250463951827,0.0902092603764085,0.054183271504271,0.024963307401859,0.0117157688519442,0.0390877893413824,0.267826101707205,0.0549535992433676,0.025137829289122
"AACCGAGAAACCGAGA",0.060864819475892,0.00371139316799808,0.0594964119088352,0.0398318076835016,0.0822856027069695,0.0638229009841528,0.00638463442631989,0.0021477260014333,0.0345353438038013,0.131501470745005,0.07823863890246,0.0147857558095864,0.00858398395948153,0.0185133143210702,0.125345435702489,0.203902131887186,0.0660486285138187
"AACCGAGAAACGCTTA",0.024700016387135,0.165011995593585,0.0309022323376292,0.0307645090416297,0.174521580958667,0.0814244319085147,0.00365132733611519,0.00176049493936821,0.177925133257041,0.0113308770139365,0.00377703440012056,0.0575185812279279,0.0173725986469342,0.0202392286308442,0.17594441287834,0.000776358178703226,0.0223791872635082
"AACCGAGAAACGTGAT",0.0258157319321801,0.0806049260956794,0.0476256143488925,0.0330010136071324,0.023108847397612,0.277609380626732,0.000206560280448264,0.00262631730978382,0.00832403995408738,0.0870974303850062,0.0158469332122526,0.0640299629159384,0.0142728109900155,0.0266541924637277,0.2312041186502,0.048228612600917,0.0137435072293948
"AACCGAGAAAGACGGA",0.0259888663449114,0.0464247136619256,0.0387895817515961,0.0236380768524634,0.0955705946941826,0.137888840982604,0.0134461123446342,0.00639003326142295,0.0278541183170021,0.0292889781017103,0.0499562075005351,0.0315592554395786,0.00884454089560845,0.0349469456211989,0.334984772990544,0.0777384543452054,0.0166899068948761
"AACCGAGAAAGGTACA",0.0362881205336533,0.0422362240356049,0.0268796082501316,0.0214822296006658,0.220812038196115,0.163593762775772,0.0125472803443614,0.0059692467727693,0.016083553239853,0.015258681734299,0.0179708171133787,0.0524430254241465,0.00793863220925049,0.023329533824411,0.0867589692011018,0.178605747857031,0.0718025288874544
"AACCGAGAACAAGCTA",0.0279527220580713,0.00593502651299754,0.0693173964212643,0.011770226736553,0.123425630631101,0.156273776069864,0.0986522192746959,0.0252203079174446,0.0151341963883962,0.0142262856696792,0.00888182082539214,0.0133710660818524,0.0187599971606338,0.0212769195207046,0.179860909606359,0.204610027428451,0.00533147169654033
"AACCGAGAACACAGAA",0.0223086567426312,0.0340580347274994,0.0191890258797139,0.0248727348310586,0.207762065995851,0.118126994352739,0.0188470898010785,0.0161677528996682,0.15597968306261,0.0300679437488929,0.0105587864717058,0.0300988540160296,0.0120763706588464,0.0268293405857079,0.0881079170963571,0.120756045813772,0.0641927033158382
"AACCGAGAACAGCAGA",0.0541852709521186,0.0372149739722362,0.00114535861546651,0.0333256531862099,0.0921692232980727,0.0747832221757274,0.035313014297067,0.056297269206487,0.0567678203422215,0.00627310844423477,0.0576861277734728,0.072457830004946,0.0315454168108269,0.0126179671050732,0.100128872478056,0.246677728109226,0.0314111432285575
"AACCGAGAACATTGGC",0.0932402196354407,0.0229567882359686,0.00551173382219865,0.0383861509975438,0.175891963476533,0.0956175394474593,0.0139532213776049,0.0254744362354114,0.0101214121987276,0.0367021298546357,0.0957381169532486,0.0338850704263408,0.0232252129082825,0.023185576993543,0.0825308369255472,0.130472484331043,0.0931071061804706
"AACCGAGAACCACTGT",0.0139027361894361,0.0413803673981595,0.0483720640115539,0.0519567568643906,0.196479586263544,0.0609063473985118,0.000315323576937813,0.0015028442979254,0.182014735384832,0.0409242179947494,0.249619283407276,0.0611709855829341,0.00257023974290302,0.00286535570774052,0.00402119015334057,0.0356889050650952,0.00630906096066971
"AACCGAGAACCTCCAA",0.0355235089871726,0.00085285594884328,0.105632466801981,0.00743500541269638,0.0613107384254254,0.132926416754966,0.0139187799542549,0.00212140926582058,0.0114708166820941,0.0177476929235812,0.0242134281072067,0.0257786042090228,0.0259679888594218,0.0382336970004618,0.087310705852967,0.307368102401129,0.102187782412955
"AACCGAGAACGTATCA",0.00531284422807839,0.0127366173983674,0.0034677913456363,0.0101004143681347,0.210154406386467,0.212094446907962,0.00453965013041339,0.00880602265098896,0.0333702508050017,0.00683746100648691,0.00618980897692088,0.0263237021084605,0.00628628947350826,0.0379883909086448,0.214660356655729,0.200890137402439,0.000241409246760686
"AACCGAGAACTATGCA",0.0204064898845326,0.00155680731110508,0.0914363683030506,0.00714706387656789,0.0428801892249359,0.0275392620757414,0.02910106873505,0.000865659055323781,0.0107923106344854,0.0249435413659212,0.0185768202902966,0.0432492166316642,0.01278422877433,0.13104385534632,0.442266005764501,0.0855668987260387,0.00984421400013625
"AACCGAGAAGAGTCAA",0.0145871366403408,0.00857198330689153,0.0113212048270326,0.02459571561946,0.140768715445488,0.11736766109226,0.00514754088040524,0.00595610880713466,0.0109181438382883,0.0476269164851964,0.0639327323663936,0.113560347983629,0.0330045747591724,0.199510429576866,0.149619666202936,0.0423173375795234,0.0111937845889822
"AACCGAGAAGATCGCA",0.23580616556535,0.00463176985222355,0.00451655040035382,0.009844943515449,0.0113132476104596,0.0748932962217546,0.00125643073021864,0.00158060097018855,0.00137452568521945,0.0565545770673439,0.0205082608744381,0.0711106757406668,0.0326256204422818,0.212218196080039,0.22255856514459,0.00856338530195213,0.0306431887974714
"AACCGAGAAGCAGGAA",0.0295688299144062,0.0078911820175612,0.0114750473359629,0.0277012180306297,0.199989543423038,0.158608732012089,0.0152963969532147,0.0241036151836253,0.0119752250936515,0.0441273662161857,0.103173717274694,0.0498821831378791,0.0167387057533184,0.0942671511343701,0.142923823950619,0.0415884682616085,0.0206887943071479
"AACCGAGAAGTACAAG",0.107084988923966,0.0394297089516688,0.0312215679694023,0.0235009958491694,0.315563167540953,0.0455051044694648,0.0334558461869785,0.0206388342043206,0.0689523307855137,0.0216433882541824,0.00722564157362377,0.0244486750975829,0.00076298963525536,0.000538324463364405,0.102080093301874,0.0923707233659653,0.0655776194267144
"AACCGAGAAGTCACTA",0.0041307330416443,0.0381848326666195,0.00271399230299808,0.00871498294961134,0.0885768790458062,0.0235814030203613,0.012743249186908,0.00542051684660516,0.0421682174213548,0.0182904294294914,0.052584304235104,0.0197599937643321,0.0103604339910971,0.136754950144355,0.391319323066843,0.139954960559386,0.0047407983274826
"AACCGAGAAGTGGTCA",0.16920542427748,0.000289756471394442,0.00427131229907009,0.0310132441314947,0.0368666898591872,0.117101715552634,0.00667205474964723,0.0433297817838802,0.00486616743956019,0.141915632870819,0.065174081315528,0.017913314771805,0.0165952025958382,0.0222034981564944,0.100750983922203,0.184121337400041,0.0377098024029238
"AACCGAGAATCCTGTA",0.0062942260935392,0.037627991654381,0.0581781516027361,0.0263524845735057,0.0968758016977958,0.062820768370687,0.0162730074089491,0.0230711117350247,0.0574602250756409,0.0595766871333417,0.0316289585715891,0.26377817458477,0.011802508515437,0.059601424568657,0.128110125383789,0.0477572328656597,0.0127911201644964
"AACCGAGAATGCCTAA",0.0898566990809603,0.000862703703565459,0.0690823426797012,0.0932239362040942,0.0439262101263857,0.0279144722378423,0.00376736603606169,0.0405480954063783,0.00864834573761385,0.0963187495346567,0.176840206289372,0.075226450190396,0.0470000523716544,0.0691682977785704,0.128388237401157,0.0182749589066317,0.0109528763149583
"AACCGAGAATTGAGGA",0.00599585977909282,2.65454245511827e-07,3.54092247823457e-06,2.51261600173507e-06,8.29511070079192e-06,0.000329074145380632,2.8204882651592e-07,7.22035695229068e-07,2.32540264156157e-06,0.0220497925783568,0.00431468953207042,0.0032143286891021,0.00784599391003972,0.153573130079239,0.736443934474149,5.83159441849169e-05,0.0661569372777946
"AACCGAGACAACCACA",0.00201008677006176,0.000921268616084806,0.00152259185737631,0.0779875958386555,0.0876962318997968,0.0165162949057087,0.00089720612144613,0.0195163670787027,0.0518912706827846,0.0407524965316871,0.0275219750580741,0.0315664114817141,0.0849900055645025,0.0981555996695375,0.109250403613204,0.313390997617744,0.0354131966929199
"AACCGAGACAAGACTA",0.019889744747487,0.0303513452985338,0.00434187895579029,0.0120445125315672,0.127175816029649,0.108364261214882,0.0392720018899064,0.00272217076614427,0.0363556548910581,0.0205087286314349,0.0420011702015449,0.033910294406797,0.0576068246633372,0.0480036061858828,0.285480580429195,0.116754810556016,0.0152165986007734
"AACCGAGACAATGGAA",0.0810178626170751,0.081854539819456,0.00378933258468158,0.0224417586735261,0.0844408641840978,0.0684496069988254,0.00572711281188863,0.0283349950833676,0.0285282824954141,0.00843729075679919,0.00464251475674506,0.0380462030751099,0.0165155272415432,0.0269775301064232,0.450610095695933,0.0202212763914447,0.0299652067076691
"AACCGAGACACTTCGA",0.0425649605817144,0.000905923981347943,0.00961941906169572,0.0159128162707283,0.0381636136263183,0.129434415421165,0.026180148147806,0.00205653221527227,0.00433494081926571,0.0858421031255429,0.0551989789781669,0.042271274544118,0.0104263590149982,0.0417046081656934,0.387663198854927,0.084735382567877,0.0229853246233632
"AACCGAGACAGACTGN",0.0219228469623058,0.0362835813904907,0.00566825650464178,0.0144713883512158,0.00975526067930051,0.11389156978229,0.0194468348203516,0.0403183300275922,0.0317777762319235,0.224952747851282,0.0393927835268796,0.146549306628203,0.0826041626559209,0.0531723269494717,0.117068938601621,0.0331886385637251,0.00953525047278488
"AACCGAGACAGCGTTA",0.0337448724003576,0.053785439009025,0.0140822171366257,0.0235471725519092,0.17202036585066,0.0617777168680065,0.0161808522193589,0.0058297769272872,0.0206462968635979,0.0174665469460899,0.0277815358355617,0.0654171360281266,0.00984126469981504,0.0578640481717142,0.390845327533065,0.0213852795112429,0.00778415144755739
"AACCGAGACATACCAA",0.0106226115856929,0.12484327792025,0.0115452666835844,0.0129757510229792,0.0648071150910658,0.238968350760442,0.00104945156086633,0.000358215850158749,0.00853136767820772,0.00370073734730132,0.0119760496263817,0.0406085912748876,0.00450653258354414,0.00738639854755005,0.294120385001727,0.00203016578824443,0.161969731677117
"AACCGAGACATCAAGT",0.0747220899916267,0.00477022941341779,0.0786701311675188,0.0289782665503795,0.256333936090302,0.193904961674565,0.0123939407585633,0.00119730358480395,0.0276362458771345,0.0277054992321227,0.0595089714537552,0.0234071877252311,0.00410540253441959,0.00354509703814756,0.0817089641181094,0.117255579082297,0.00415619370760549
"AACCGAGACCAGTTCA",0.0167268092072286,0.0564862017980161,0.0177512270323266,0.0261162320269908,0.116811120406573,0.0858568106644727,0.0450806072085239,0.00162032349776026,0.0586113508001301,0.00245311319101795,0.0555659611864217,0.0297947176367451,0.0347551334149105,0.0518423827906964,0.393332557431104,0.00635943682685202,0.000836014880230636
"AACCGAGACCGAAGTA",0.0601332806458127,0.00848634374618802,0.000816976096064491,0.0163047796217785,0.162719899765753,0.0806073850626066,0.0376434461177198,0.0230677244069934,0.071378836247243,0.00340816830636312,0.00770556664712184,0.0359684402367184,0.000788764499564793,0.0102023875792692,0.375295739146585,0.101851930835595,0.00362033103862315
"AACCGAGACGAACTTA",0.0259417468079304,0.0204586213826887,0.0260094851506723,0.0189248407345713,0.160569104162648,0.137184021427576,0.0139715230527602,0.0354842773062275,0.00907391809931283,0.0275798827008019,0.0326122051039223,0.109287177969201,0.00307036706586974,0.0152756501743525,0.330819777487113,0.0129381946975718,0.0207992066767804
"AACCGAGACGCATACA",0.0200499939150424,0.110904761374445,0.0143224022732281,0.0174454471707493,0.0106737677586254,0.0228262467202498,0.00298066957198001,0.0702216873973808,0.0292467720393917,0.108927163228293,0.0669579716716088,0.0822517117376129,0.0424620120669814,0.0731083062761276,0.229869401971928,0.0480258073944517,0.0497258774319044
"AACCGAGACTCAATGA",0.061794368935709,0.0792422486448346,0.0109642283871028,0.00148234183232457,0.0336695052621624,0.115401100990969,0.00146076608162304,0.00383855208881383,0.000833941699279475,0.037306735714102,0.0121136266412435,0.0272832443104303,0.0331268132019889,0.0540627899870821,0.384935769281666,0.00666481572228529,0.135819151218384
"AACCGAGACTGGCATA",0.387181734026957,3.43148952907092e-05,0.0259386246819101,0.0395543008197229,0.0460321481728516,0.133604627864067,0.00409608177176805,0.00245346924451284,0.00248308099198188,0.0212016557884206,0.0354783108740588,0.0252072586402794,0.0021873832167441,0.00399819841620625,0.267097329521832,0.0011552682865781,0.00229621278681884
"AACCGAGAGAATCTGA",0.00457077308491417,0.153502478648112,0.00245657689470237,0.00307208223421979,0.0394115849746278,0.0268326451398326,0.0442514388479756,0.0438848449342867,0.158746876662416,0.000898296540312522,0.00250449998583265,0.0811050340518508,0.130989581439182,0.0270342904629829,0.27481553143566,0.00345295682898401,0.0024705078341081
"AACCGAGAGACTAGTA",0.00287543473625347,0.0701552389978875,0.0301167040633784,0.00661597029811367,0.00248182466058392,0.0156114453759725,0.000142117723660823,0.000592323222038217,0.000186348920621246,0.0321206906039659,0.00974668007031506,0.0866798971980442,0.0132228691156173,0.0684809131586097,0.617617064833209,0.0239798913424753,0.0193745856792541
"AACCGAGAGAGCTGAA",0.0134197253209736,0.125264633359399,0.00894198040706844,0.0146684250659223,0.271532793658262,0.0638096189423684,0.0304577879607219,0.00756893129632156,0.0138862037499617,0.0384216855683158,0.0336493637027052,0.0768394574379459,0.0613985294182564,0.0476809490512179,0.156827860927581,0.00695291334802839,0.0286791407849508
"AACCGAGAGATAGACA",0.0407043219749587,0.0574507599001717,0.00702349640090961,0.0401564564612867,0.125498821575102,0.113518703232828,0.0194491190379866,0.0109228219425574,0.0361313461594583,0.0383835711610405,0.0259395615514251,0.0660499892555722,0.0862378608932633,0.0775211071822405,0.242044587308472,0.00142781151095841,0.0115396644517686
"AACCGAGAGCCACATA",0.0261475481634427,0.0134457006049324,0.0146859415234031,0.0227425976343875,0.128336709301217,0.0727936047136063,0.0163889644644561,0.0229583590192407,0.0203230657278174,0.0435813799886194,0.0477136193676838,0.0903631802538457,0.163318457945949,0.0711173696344704,0.215786688632323,0.021088240520975,0.00920857250363062
"AACCGAGAGCGAGTAA",0.031410020697088,0.00984886975181585,0.0026226225245954,0.021331183420126,0.142736616048924,0.150486576938181,0.014926983846149,0.00849793207353067,0.0383987665147317,0.0479286291085442,0.0436067862570958,0.129900973694064,0.0886465294885869,0.0284550260339181,0.170450472861916,0.0516021422492948,0.0191498684914388
"AACCGAGAGCTAACGA",0.0301303104583853,0.00244922086063202,0.00581893692451425,0.0229370606521831,0.118685355146004,0.212429416084656,0.00871116009884043,0.00410299783224476,0.0180564772607413,0.103342683201554,0.0744368707934797,0.0997047575845994,0.164215962298526,0.0697993481775589,0.032241377049025,0.0196015341928117,0.0133365313842445
"AACCGAGAGGAGAACA",0.00926919396435724,0.0148681386878429,0.00464417806505553,0.0233240055943838,0.12101302463097,0.143216404455052,0.0128390534384631,0.0136019421849071,0.0277546361281965,0.0747371223873849,0.0637471687449617,0.198402910955707,0.173866943446549,0.0510569339556557,0.049262159199223,0.0068151754267994,0.0115810087344911
"AACCGAGAGTACGCAA",0.014223147380636,0.0377455122408579,0.00932588209902127,0.0256223323123023,0.20311363537908,0.167328915213624,0.0120001643169075,0.0112802238582237,0.0380250243269568,0.0543740929058232,0.0493446982946079,0.0886657128543838,0.0738344917445363,0.0292600839936638,0.115275417386872,0.0306030025886879,0.0399776631038163
"AACCGAGAGTCGTAGA",0.138805992902232,0.00952181670626194,0.00399594286033975,0.0178206069512657,0.184379703157857,0.17737846565493,0.00492769306921968,0.00988320812101249,0.0100744001407194,0.0394920382117086,0.0474058316818052,0.0629036416802877,0.0332375493511637,0.0140147404911753,0.170038704579355,0.0617978320553797,0.0143218323852879
"AACCGAGAGTCTGTCA",0.0251905516696507,0.0147294772767515,0.00790947507524504,0.0150742363703324,0.297563842952148,0.209360313496146,0.0180731125007508,0.0170926706245558,0.0278473395435297,0.0451383346399783,0.0697562810608852,0.0783052143216315,0.0293040998870023,0.0115750646712567,0.0996809626939157,0.0238210880209066,0.00957793519531373
"AACCGAGAGTGTTCTA",0.0021994263723217,9.92369853882686e-06,0.1051633936334,0.0024378832990295,0.0109137672802208,0.372931449743719,0.00410012096189898,5.04219002525754e-05,0.0050988908595777,0.00661927002719324,0.117741256628485,0.00217622682870252,0.0748245136721549,0.0135798283767169,0.21688790480601,0.0180304200797157,0.0472353018320624
"AACCGAGATAGGATGA",0.00452694292924224,0.00815020408193947,0.0185758085918628,0.0154398298713041,0.199015209178357,0.150666020716293,0.0715284526999852,0.0155510319891871,0.0295046585152359,0.00593065615116964,0.00602511503789332,0.0122492677598317,0.0151032591478937,0.0051759324975314,0.242936669369461,0.143579999185266,0.0560409422775472
"AACGCTTAAACAACCA",0.0376169971054083,0.0796308947281602,0.0182320742820448,0.0686232978894823,0.0665831742991839,0.0399564542337315,0.00377758722980815,0.00377875981520376,0.0440078543579346,0.100576162531698,0.0524696440436953,0.0691439295841639,0.0260486455086767,0.0196924673362604,0.184759618887365,0.14995250462455,0.0351499335426331
"AACGCTTAAACCGAGA",0.0141079049103114,0.0183582859147873,0.0197251731365413,0.0645773852606805,0.0901819078319201,0.139840151518357,0.0139496221980274,0.0189517209782116,0.00893401989441767,0.0500605245598069,0.0264749042879144,0.0553929392334656,0.00999772730067435,0.0243443118793809,0.212883144053527,0.14123566305896,0.0909846139830156
"AACGCTTAAACGCTTA",0.0648873905888116,0.00782425359300267,0.00459650253567045,0.0196256239727134,0.0986675264990552,0.349197219102933,0.00921950016827336,0.00741079289048237,0.00847886312295805,0.164716207760071,0.116409572814328,0.0219997554774059,0.0131790294919691,0.0285892227207095,0.0515963848023553,0.0231459187220982,0.0104562357371622
"AACGCTTAAACGTGAT",0.0461202949611491,0.00788398025668452,0.00178580242236094,0.0208701730805106,0.0111405954525961,0.0801137964176716,0.0286593073007966,0.0152281431158068,0.037362053188263,0.0632757722593032,0.0359750363461624,0.0790122828054398,0.009778016582011,0.0267757191427309,0.0753910443123111,0.436537623685339,0.0240903586708631
"AACGCTTAAAGACGGA",0.0158490974241819,0.0429957555025582,0.0267092902252696,0.0345561569955192,0.138212163491395,0.196857375386685,0.0126159404823016,0.00925198526007386,0.175296645849755,0.0605923249164956,0.0205347153437834,0.0130110817543496,0.00587495361953928,0.0138468841394631,0.151123211947213,0.0621491015584175,0.0205233161029987
"AACGCTTAAAGGTACA",0.127474154179871,0.0136857808046925,0.0441825310615717,0.00322867654163186,0.0112287651204307,0.0594879864248148,0.0959288660955264,0.0679363365104752,0.160831749251558,0.0180631913545268,0.00483464145193406,0.0365100013690774,0.0321356265160322,0.0184355157978978,0.0695346729859295,0.0890858618071655,0.147415642726865
"AACGCTTAACAAGCTA",0.00578091569323514,0.0350464629689979,0.0175036713588868,0.0306958594654663,0.178919523248952,0.221259644923945,0.0382275733760413,0.030030561422711,0.0285041101979086,0.0207999173996112,0.0126404148088265,0.022750904042298,0.00265930302574625,0.00270067905601582,0.0969118686176497,0.165052680449392,0.0905159099443172
"AACGCTTAACACAGAA",0.0309105985957672,0.322817222736845,0.0100451049529058,0.0163601340463281,0.0850801881699491,0.151359342875814,0.0234244651557273,0.016405054438835,0.0439780181643671,0.0192209984438624,0.0263881374188093,0.0185737366189752,0.0204543096081576,0.0167609372057217,0.0555340622968778,0.0629106679819703,0.0797770212890874
"AACGCTTAACAGCAGA",0.0121484281093065,0.00504496030003641,0.0138741899988274,0.0679789702673931,0.143553737886376,0.0510773562721506,0.0139934727584611,0.031743341150555,0.0853605225065841,0.0296233573604849,0.0294443730922395,0.0507484927727135,0.00638862892958718,0.0206147393174925,0.223067072531109,0.189880359972259,0.025457996774425
"AACGCTTAACATTGGC",0.0260772777726077,0.000768087587960023,0.0166453328580575,0.0409358863628116,0.252089690687736,0.234001700846404,0.0190107340423933,0.00499788796666291,0.0254163122898885,0.0068618956800574,0.0254289554664042,0.0549677470098516,0.0111444532408097,0.00680278674519972,0.113297281578197,0.113774221353206,0.0477797485117537
"AACGCTTAACCACTGT",0.141457788423847,0.00428789802511848,0.0591725010125932,0.043655849042193,0.0579378662392601,0.260267206430347,0.0665802976609233,0.0429124578517173,0.0162918806757151,0.0708397089706822,0.0529250691558079,0.00724816233063615,0.0138690342193625,0.00787434889374526,0.095588173259367,0.040447927061266,0.0186438307474189
"AACGCTTAACCTCCAA",0.00479237376256717,0.0728032783360474,0.00773791505761376,0.0250113615585585,0.185244056869659,0.229137096738179,0.0294173828242581,0.0139909544755833,0.0241225165564353,0.0261557875310563,0.0409419987091548,0.0702072200304072,0.0091208778675353,0.0160172115582279,0.0417895219326673,0.137915240361768,0.0655952058302811
"AACGCTTAACGTATCA",0.00803744645193309,0.00363299757469337,0.0100027083798526,0.0482306244820811,0.228648302858681,0.0549927906354748,0.00313452052185665,0.0652671720188943,0.00444167633110326,0.0306448766755892,0.0267233706516286,0.0251173797264437,0.00653198206170116,0.0851213860868762,0.160336317560257,0.207671575044958,0.0314648729379764
"AACGCTTAACTATGCA",0.0163496666244802,0.0044575075815331,0.0106205233734907,0.0138223668253014,0.0569310946179658,0.0698958341911836,0.00378030592819328,0.00422289784926975,0.00536692148313485,0.0534330758415123,0.0371474595274349,0.0453592662881673,0.0275709585271358,0.180755634244515,0.219993510541571,0.0565204125166883,0.193772564038422
"AACGCTTAAGAGTCAA",0.0387298995878367,0.0021106964554493,0.00658786383292856,0.0284352360321226,0.0818834888485581,0.0564895016089917,0.00465463366089919,0.00970589456599904,0.0101550846515248,0.0180319632417594,0.0383396183326813,0.151305883748897,0.0609505390592151,0.428458621537287,0.0264437524818613,0.0251634193222134,0.0125539030317759
"AACGCTTAAGATCGCA",0.0116039066149187,0.00372035216141327,0.00405967331353957,0.031545037221031,0.0518883924767334,0.0657747716144791,0.00425270517506594,0.00657974138755487,0.00686728756067033,0.0771953338680215,0.0886683883929977,0.10051379762632,0.0501571937925602,0.258605247813841,0.197721095502922,0.0253648573463418,0.0154822181315895
